Pressure(Pa) Alt(m) Accel(G)-X-Y-Z Gyro(ยบ/s)-X-Y-Z Temperature(*C)-bme-imu
1.32 101303.62 -0.84 -0.32 0.01 0.98 0.08 2.48 -0.70 25.61 27.1
2.35 101303.62 -0.84 -0.32 0.01 0.98 0.45 2.56 -0.47 25.77 27.0
3.37 101302.69 -0.76 -0.32 0.01 0.98 0.45 2.82 0.05 25.81 27.2
4.39 101305.18 -0.97 -0.32 0.00 0.98 0.40 2.26 0.01 25.83 27.0
5.41 101302.22 -0.72 -0.33 0.01 0.98 0.40 2.43 -0.49 25.83 26.9
6.43 101306.20 -1.05 -0.32 0.01 0.98 0.40 2.73 -0.56 25.84 27.0
7.46 101308.16 -1.21 -0.32 0.01 0.97 -0.18 2.40 -0.32 25.84 27.1
8.48 101308.16 -1.21 -0.32 0.01 0.99 0.26 2.47 -0.23 25.85 27.2
9.50 101306.96 -1.11 -0.32 0.01 0.97 -0.08 2.68 -0.49 25.85 27.2
10.53 101308.78 -1.27 -0.32 0.01 0.98 0.25 2.34 -0.40 25.85 27.4
11.55 101307.47 -1.16 -0.32 0.00 0.98 0.15 2.92 -0.35 25.85 27.0
12.57 101310.29 -1.39 -0.33 0.01 0.98 -0.02 2.35 -0.64 25.86 27.0
13.59 101310.91 -1.44 -0.32 0.01 0.98 0.34 2.48 -0.31 25.86 27.4
14.62 101309.83 -1.35 -0.32 0.01 0.97 0.24 2.85 -0.37 25.86 27.2
15.64 101310.29 -1.39 -0.32 0.01 0.98 0.35 2.61 -0.44 25.86 27.4
16.66 101308.92 -1.28 -0.32 0.01 0.98 0.02 2.54 -0.51 25.86 27.2
17.68 101309.02 -1.29 -0.33 0.01 0.99 0.04 2.94 -0.85 25.85 27.2
18.71 101310.36 -1.40 -0.32 0.01 0.98 0.47 2.75 -0.28 25.84 27.2
19.73 101309.50 -1.33 -0.33 0.01 0.98 0.37 2.49 -0.58 25.84 27.1
20.75 101310.14 -1.38 -0.32 0.01 0.98 0.21 2.46 -0.81 25.83 27.2
21.77 101306.72 -1.09 -0.32 0.01 0.98 0.31 2.56 -0.50 25.83 27.2
22.80 101305.78 -1.02 -0.33 0.01 0.98 0.24 2.64 0.11 25.82 27.1
23.82 101304.97 -0.95 -0.32 0.01 0.98 0.21 2.60 -0.44 25.80 27.0
24.84 101306.91 -1.11 -0.32 0.01 0.99 0.29 2.55 -0.41 25.81 27.1
25.87 101304.76 -0.93 -0.32 0.01 0.98 0.24 2.50 -0.47 25.82 27.2
26.89 101309.52 -1.33 -0.32 0.01 0.98 -0.02 2.44 -0.38 25.82 27.2
27.91 101305.19 -0.99 -0.32 0.01 0.98 0.33 2.30 -0.67 25.81 26.9
28.93 101306.22 -1.05 -0.32 0.01 0.99 -0.10 2.78 0.62 25.81 27.0
29.96 101306.73 -1.10 -0.32 0.01 0.98 0.27 2.62 -0.40 25.80 27.2
30.98 101303.83 -0.85 -0.32 0.01 0.98 0.30 2.58 -0.28 25.80 27.0
32.01 101308.50 -1.24 -0.32 0.02 0.98 -0.02 2.30 -0.45 25.81 27.2
33.03 101306.62 -1.09 -0.32 0.00 0.98 0.13 2.60 -0.49 25.79 26.8
34.05 101308.45 -1.24 -0.33 0.01 0.98 0.12 2.53 -0.60 25.80 27.0
35.07 101308.91 -1.40 -0.32 0.01 0.98 0.26 2.91 -0.58 25.79 26.9
36.09 101311.38 -1.48 -0.32 0.01 0.98 0.44 2.56 -0.19 25.77 26.8
37.12 101308.84 -1.27 -0.32 0.01 0.98 0.29 2.74 -0.38 25.75 27.0
38.14 101307.11 -1.13 -0.33 0.01 0.97 0.05 2.50 -0.33 25.75 26.9
39.16 101308.08 -1.21 -0.32 0.01 0.98 0.02 2.63 -0.34 25.74 27.0
40.19 101307.23 -1.14 -0.32 0.01 0.98 0.23 2.58 -0.40 25.73 26.9
41.21 101307.63 -1.17 -0.33 0.01 0.98 0.09 2.63 -0.70 25.74 26.9
42.23 101309.23 -1.60 -0.32 0.01 0.98 0.07 2.47 -0.38 25.74 27.0
43.25 101307.36 -1.15 -0.32 0.01 0.98 0.44 2.27 -0.58 25.72 27.0
44.28 101306.72 -1.09 -0.32 0.01 0.98 0.31 2.74 -0.34 25.73 26.9
45.30 101307.23 -1.14 -0.32 0.01 0.98 0.23 2.31 -0.64 25.73 26.9
46.32 101309.25 -1.31 -0.32 0.01 0.98 0.17 2.83 -0.48 25.70 26.9
47.34 101307.22 -1.14 -0.32 0.01 0.98 0.35 2.60 -0.36 25.71 27.2
48.37 101307.03 -1.12 -0.32 0.01 0.98 -0.02 2.47 -0.64 25.70 26.9
49.39 101309.36 -1.26 -0.32 0.01 0.97 0.34 2.43 -0.08 25.69 26.8
50.41 101310.47 -1.41 -0.33 0.01 0.98 0.31 2.76 -0.26 25.66 26.8
51.44 101311.77 -1.51 -0.32 0.01 0.98 0.12 2.60 -0.69 25.68 26.8
52.46 101310.97 -1.45 -0.32 0.01 0.98 0.18 2.40 -0.52 25.67 27.0
53.48 101311.21 -1.47 -0.32 0.00 0.98 0.02 2.38 -0.38 25.65 26.8
54.50 101307.00 -1.12 -0.32 0.01 0.97 0.18 2.41 -0.61 25.65 26.8
55.52 101309.62 -1.34 -0.32 0.01 0.99 0.47 2.40 -0.43 25.63 26.7
56.55 101307.65 -1.45 -0.33 0.01 0.98 -0.04 2.68 -0.44 25.61 26.8
57.57 101305.66 -1.01 -0.32 0.01 0.98 0.26 2.63 -0.57 25.60 27.0
58.59 101309.19 -1.30 -0.32 0.01 0.98 0.35 2.69 -0.37 25.61 26.8
59.62 101311.36 -1.48 -0.33 0.01 0.98 0.27 2.73 -0.49 25.59 27.0
60.64 101309.30 -1.31 -0.32 0.01 0.98 0.26 2.60 -0.50 25.59 26.8
61.66 101303.90 -0.86 -0.32 0.01 0.98 0.14 2.63 -0.45 25.59 26.9
62.69 101305.98 -1.03 -0.32 0.01 0.98 0.10 2.53 -0.36 25.57 26.8
63.71 101306.70 -1.09 -0.32 0.01 0.98 0.22 2.50 -0.38 25.57 26.7
64.73 101306.50 -1.08 -0.33 0.01 0.98 0.49 2.76 -0.42 25.57 26.8
65.75 101304.59 -0.92 -0.32 0.01 0.98 0.31 2.76 -0.35 25.56 27.0
66.78 101307.95 -1.20 -0.32 0.01 0.97 0.10 2.28 -0.63 25.56 26.8
67.80 101307.29 -1.14 -0.32 0.01 0.98 0.11 2.63 -0.36 25.53 26.8
68.82 101306.23 -1.05 -0.33 0.01 0.98 0.37 2.35 -0.37 25.54 26.8
69.84 101305.97 -1.03 -0.32 0.01 0.98 0.24 2.31 -0.53 25.54 26.8
70.87 101308.28 -1.22 -0.32 0.01 0.97 0.31 3.66 -0.76 25.54 26.8
71.89 101309.56 -1.33 -0.32 0.01 0.98 0.44 2.65 -0.40 25.53 26.7
72.91 101311.19 -1.47 -0.32 0.01 0.98 0.29 2.47 -0.25 25.54 26.6
73.94 101312.23 -1.55 -0.32 0.01 0.97 0.11 2.56 -0.42 25.51 26.9
74.96 101312.59 -1.58 -0.32 0.01 0.98 0.24 2.51 -0.41 25.52 26.8
75.98 101313.50 -1.66 -0.33 0.01 0.98 0.11 2.66 -0.56 25.51 26.7
77.00 101311.95 -1.53 -0.33 0.01 0.98 0.50 2.69 -0.26 25.50 26.8
78.03 101315.02 -1.78 -0.32 0.01 0.98 0.26 2.57 -0.57 25.50 26.8
79.05 101306.50 -1.08 -0.32 0.01 0.98 0.04 2.64 -0.61 25.47 26.6
80.07 101312.09 -1.54 -0.32 0.01 0.98 0.56 2.51 -0.40 25.49 26.8
81.09 101311.96 -1.53 -0.33 0.01 0.97 0.48 2.57 -0.08 25.47 26.8
82.12 101311.88 -1.52 -0.32 0.01 0.98 0.37 2.54 -0.46 25.46 26.6
83.14 101311.25 -1.47 -0.32 0.01 0.98 0.35 2.48 -0.53 25.46 26.5
84.16 101310.58 -1.41 -0.32 0.01 0.97 0.16 2.47 -0.53 25.44 26.7
85.19 101308.08 -1.21 -0.32 0.01 0.99 0.26 2.57 -0.18 25.42 26.6
86.21 101309.34 -1.31 -0.32 0.01 0.98 0.41 2.66 -0.71 25.42 27.0
87.23 101306.50 -1.08 -0.32 0.01 0.97 0.31 2.56 -0.36 25.41 26.6
88.26 101306.09 -1.04 -0.32 0.01 0.98 0.11 2.74 -0.53 25.42 26.8
89.28 101306.81 -1.10 -0.32 0.01 0.98 0.36 2.52 -0.23 25.40 26.5
90.30 101303.83 -0.85 -0.33 0.01 0.98 -0.02 2.50 -0.39 25.39 26.7
91.32 101302.41 -0.73 -0.32 0.01 0.98 0.09 2.24 -0.28 25.38 26.6
92.35 101307.41 -1.15 -0.32 0.01 0.98 0.27 2.65 -0.48 25.39 26.7
93.37 101308.78 -1.27 -0.32 0.01 0.98 0.22 2.41 -0.29 25.39 26.7
94.39 101316.18 -1.88 -0.32 0.01 0.98 0.16 2.45 -0.47 25.38 26.4
95.42 101315.53 -1.83 -0.32 0.01 0.98 0.18 2.68 -0.43 25.37 26.7
96.44 101314.48 -1.74 -0.32 0.01 0.97 0.40 2.50 -0.33 25.36 26.8
97.46 101314.61 -1.75 -0.32 0.01 0.98 0.30 2.61 -0.64 25.35 26.6
98.48 101313.30 -1.64 -0.32 0.00 0.98 0.24 2.55 -0.37 25.34 26.7
99.51 101313.52 -1.66 -0.32 0.01 0.98 0.47 2.58 -0.24 25.35 26.4
100.53 101314.30 -1.73 -0.32 0.01 0.97 0.46 2.47 -0.67 25.33 26.6
101.55 101310.18 -1.38 -0.32 0.01 0.98 0.48 2.44 -0.39 25.32 26.6
102.57 101310.30 -1.39 -0.32 0.01 0.98 0.15 2.61 -0.56 25.32 26.5
103.60 101308.02 -1.20 -0.32 0.01 0.98 0.10 2.81 -0.52 25.31 26.7
104.62 101309.27 -1.31 -0.33 0.01 0.98 0.17 2.48 -0.58 25.32 26.5
105.64 101311.49 -1.49 -0.33 0.01 0.98 0.16 2.24 -0.48 25.31 26.3
106.67 101309.31 -1.31 -0.32 0.01 0.97 0.01 2.44 -0.27 25.29 26.5
107.69 101312.42 -1.57 -0.32 0.01 0.98 0.21 2.39 -0.39 25.27 26.4
108.71 101313.20 -1.63 -0.32 0.01 0.98 -0.05 2.57 -0.50 25.23 26.7
109.73 101308.70 -1.26 -0.32 0.01 0.98 0.02 2.31 -0.23 25.22 26.5
110.76 101310.93 -1.45 -0.32 0.01 0.98 0.37 2.37 -0.48 25.22 26.4
111.78 101314.28 -1.72 -0.32 0.01 0.98 0.24 2.52 -0.27 25.23 26.4
112.80 101314.14 -1.71 -0.32 0.01 0.98 0.33 2.53 -0.63 25.21 26.5
113.83 101314.52 -1.74 -0.33 0.01 0.97 0.31 2.71 -0.41 25.19 26.5
114.85 101313.48 -1.66 -0.32 0.01 0.98 0.44 2.67 -0.69 25.18 26.3
115.87 101315.77 -1.85 -0.32 0.01 0.98 0.36 2.44 -0.62 25.14 26.3
116.89 101316.22 -1.88 -0.32 0.01 0.98 0.29 2.61 -0.33 25.13 26.5
117.92 101316.00 -1.87 -0.32 0.01 0.98 0.46 2.55 -0.55 25.10 26.2
118.94 101315.12 -1.79 -0.32 0.01 0.98 0.02 2.64 -0.56 25.09 26.6
119.96 101313.73 -1.68 -0.32 0.01 0.98 0.22 2.54 -0.20 25.07 26.1
120.99 101310.76 -1.43 -0.33 0.01 0.98 0.18 2.84 -0.49 25.05 26.0
122.01 101304.25 -0.89 -0.32 0.01 0.98 0.19 2.57 -0.17 25.03 26.2
123.03 101305.12 -0.96 -0.32 0.01 0.98 0.29 2.54 -0.28 25.05 26.3
124.05 101309.14 -1.30 -0.32 0.01 0.98 0.05 2.71 -0.54 25.04 26.4
125.08 101308.98 -1.28 -0.32 0.01 0.98 0.34 2.50 -0.76 25.01 26.2
126.10 101308.78 -0.87 -0.32 0.01 0.98 0.47 2.52 -0.27 25.00 26.3
127.12 101307.50 -1.16 -0.32 0.01 0.98 0.05 2.60 -0.28 25.01 26.2
128.15 101309.38 -1.32 -0.32 0.01 0.98 0.40 2.43 -0.34 25.00 26.2
129.17 101312.25 -1.55 -0.33 0.01 0.98 0.24 2.50 -0.46 24.99 26.1
130.19 101309.73 -1.34 -0.32 0.01 0.98 0.18 2.35 -0.39 24.97 26.1
131.21 101312.17 -1.55 -0.32 0.01 0.98 0.33 2.40 -0.56 24.97 26.3
132.24 101310.70 -1.43 -0.33 0.01 0.98 0.24 2.47 -0.66 24.96 25.9
133.26 101313.43 -1.65 -0.32 0.01 0.98 0.15 2.38 -0.44 24.96 26.1
134.28 101312.27 -1.56 -0.32 0.01 0.98 0.21 2.64 -0.24 24.95 26.3
135.31 101313.02 -1.31 -0.32 0.01 0.98 0.37 2.49 -0.31 24.90 26.1
136.33 101311.80 -1.52 -0.32 0.01 0.98 0.41 2.50 -0.46 24.89 26.3
137.35 101313.16 -1.63 -0.32 0.01 0.98 0.43 2.78 -0.43 24.89 26.0
138.37 101313.47 -1.66 -0.32 0.01 0.98 0.25 2.64 -0.47 24.91 26.2
139.40 101313.12 -1.63 -0.32 0.01 0.98 0.12 2.21 -0.44 24.91 26.2
140.42 101312.16 -1.55 -0.32 0.01 0.99 -1.18 1.79 1.18 24.91 26.3
141.44 101310.55 -1.41 -0.32 0.01 0.97 0.64 2.92 -0.52 24.90 26.1
142.47 101313.10 -1.63 -0.32 0.02 0.98 3.46 3.05 1.12 24.90 26.1
143.49 101309.47 -1.32 -0.33 0.03 0.97 0.60 3.89 -2.59 24.89 26.1
144.51 101310.80 -1.43 -0.34 0.04 0.98 9.43 -16.83 -25.63 24.89 26.2
145.53 101307.36 -1.15 -0.30 0.01 0.98 -1.33 4.00 -1.00 24.89 26.4
