Pressure(Pa) Alt(m) Accel(G)-X-Y-Z Gyro(ยบ/s)-X-Y-Z Temperature(*C)-bme-imu
1.20 101329.83 -0.18 -0.32 -0.22 0.94 0.18 2.82 -0.50 25.20 26.5
2.22 101327.06 0.05 -0.31 -0.22 0.94 0.09 2.64 -0.20 25.21 26.7
3.24 101333.92 -0.52 -0.32 -0.23 0.95 0.40 2.70 -0.69 25.23 26.4
4.26 101328.52 -0.07 -0.32 -0.23 0.95 0.09 2.44 -0.41 25.22 26.6
5.28 101332.58 -0.41 -0.32 -0.23 0.94 0.24 2.47 -0.23 25.24 26.5
6.31 101327.31 0.03 -0.32 -0.23 0.95 0.35 2.66 -0.47 25.25 26.6
7.33 101326.70 0.08 -0.32 -0.23 0.94 0.08 2.49 -0.15 25.28 26.4
8.35 101328.44 -0.06 -0.31 -0.23 0.94 0.56 2.55 -0.23 25.29 26.5
9.38 101327.80 -0.01 -0.32 -0.23 0.95 0.37 2.36 -0.24 25.30 26.6
10.40 101329.59 -0.16 -0.32 -0.22 0.95 0.17 2.57 -0.14 25.31 26.5
11.42 101328.00 -0.03 -0.32 -0.23 0.95 0.15 2.38 -0.18 25.31 26.5
12.44 101330.08 -0.20 -0.31 -0.23 0.93 0.40 2.56 0.42 25.33 26.6
13.47 101325.23 0.20 -0.29 -0.29 0.93 -1.15 2.50 1.40 25.33 26.7
14.49 101328.55 -0.07 -0.29 -0.29 0.94 0.07 2.45 -0.40 25.35 26.6
15.51 101323.26 0.37 -0.29 -0.28 0.93 0.31 2.34 -0.31 25.35 26.7
16.54 101326.92 0.06 -0.29 -0.29 0.94 0.31 2.53 -0.41 25.36 26.6
17.56 101328.95 -0.11 -0.29 -0.29 0.93 0.11 2.57 -0.48 25.35 26.7
18.58 101327.41 0.02 -0.29 -0.29 0.93 0.13 2.63 -0.05 25.38 26.6
19.60 101330.56 -0.24 -0.29 -0.29 0.93 0.33 2.44 -0.33 25.37 26.8
20.63 101324.04 0.30 -0.29 -0.28 0.94 0.26 2.47 -0.25 25.39 26.8
21.65 101323.04 0.39 -0.29 -0.28 0.94 0.37 2.35 -0.27 25.39 26.6
22.67 101322.89 0.40 -0.23 -0.29 0.99 -5.56 -2.45 13.92 25.41 26.6
23.70 101327.41 0.02 -0.30 -0.26 0.94 0.39 2.59 -0.40 25.44 26.8
24.72 101327.88 -0.02 -0.30 -0.26 0.94 0.35 2.63 -0.72 25.45 26.8
25.74 101326.86 0.07 -0.30 -0.26 0.94 0.03 2.50 -0.25 25.45 26.8
26.77 101326.05 0.13 -0.30 -0.26 0.93 0.50 2.76 0.11 25.46 26.8
27.79 101326.50 0.10 -0.29 -0.26 0.94 0.39 2.64 -0.14 25.48 26.8
28.81 101327.06 0.05 -0.30 -0.26 0.94 0.35 2.56 -0.37 25.49 26.8
29.83 101323.91 0.31 -0.30 -0.26 0.94 0.12 2.53 -0.31 25.51 26.8
30.86 101326.75 0.08 -0.32 -0.23 0.94 -1.79 2.03 2.91 25.51 26.8
31.88 101327.22 0.04 -0.32 -0.22 0.94 0.21 2.74 -0.11 25.52 26.7
32.90 101326.66 0.08 -0.32 -0.22 0.95 0.28 2.59 -0.51 25.53 26.9
33.93 101324.69 0.25 -0.32 -0.22 0.95 -0.03 2.30 -0.18 25.54 26.8
34.95 101323.52 0.35 -0.33 -0.22 0.94 0.15 2.23 -0.17 25.55 26.8
35.97 101322.37 0.44 -0.32 -0.22 0.95 0.04 2.25 -0.28 25.56 26.9
36.99 101321.28 0.39 -0.32 -0.22 0.95 0.26 2.44 0.03 25.56 26.9
38.02 101322.77 0.41 -0.32 -0.23 0.94 0.19 2.77 -0.05 25.57 27.0
39.04 101323.14 0.38 -0.33 -0.22 0.94 0.38 2.65 0.03 25.59 26.9
40.06 101325.38 0.19 -0.28 -0.27 0.95 -7.82 -1.17 18.24 25.58 26.8
41.09 101325.77 0.16 -0.29 -0.26 0.94 -0.60 2.60 -0.60 25.59 26.8
42.11 101326.50 0.10 -0.33 -0.21 0.95 1.31 2.89 -0.92 25.60 26.9
43.13 101326.44 0.10 -0.31 -0.25 0.94 -0.58 1.97 0.92 25.61 26.8
44.16 101328.83 -0.10 -0.31 -0.25 0.94 -0.05 2.31 -0.18 25.62 27.0
45.18 101325.58 0.17 -0.31 -0.25 0.93 0.33 2.59 -0.77 25.63 26.8
46.20 101325.75 0.16 -0.31 -0.26 0.94 0.42 2.63 0.21 25.62 27.0
47.22 101326.16 0.13 -0.31 -0.26 0.94 0.03 2.37 -0.23 25.62 26.8
48.25 101324.95 0.23 -0.31 -0.25 0.94 0.46 2.63 -0.57 25.62 26.8
49.27 101328.56 -0.07 -0.31 -0.25 0.94 0.28 2.52 -0.12 25.57 26.8
50.29 101324.43 0.27 -0.31 -0.25 0.94 0.32 2.39 -0.72 25.53 26.8
51.32 101326.20 0.12 -0.31 -0.25 0.93 1.07 2.82 1.47 25.52 27.0
52.34 101323.75 0.33 -0.31 -0.24 0.94 -1.14 1.79 2.47 25.53 26.8
53.36 101324.17 0.29 -0.32 -0.24 0.93 -0.22 2.27 -1.89 25.55 26.8
54.38 101325.67 0.17 -0.31 -0.24 0.94 0.22 2.01 -0.39 25.55 26.8
55.41 101328.11 -0.04 -0.30 -0.25 0.94 -0.82 2.02 4.14 25.56 26.7
56.43 101327.16 0.04 -0.32 -0.21 0.94 -9.13 -0.68 14.91 25.56 26.8
57.45 101321.73 0.49 -0.33 -0.20 0.95 0.15 2.25 -0.48 25.57 26.8
58.48 101328.27 -0.05 -0.27 -0.24 0.93 19.67 7.85 1.42 25.59 26.8
59.50 101327.44 0.02 -0.46 -0.19 0.91 -1.41 26.35 -8.92 25.61 26.8
60.52 101329.69 -0.17 -0.33 -0.21 0.94 0.23 2.44 0.10 25.62 27.1
61.55 101323.42 0.35 -0.33 -0.21 0.95 0.24 2.45 -0.23 25.62 27.0
62.57 101326.84 0.07 -0.33 -0.20 0.95 0.07 2.63 -0.01 25.62 26.8
63.59 101324.72 0.25 -0.33 -0.21 0.95 0.40 2.69 -0.35 25.64 26.8
64.61 101325.12 0.21 -0.33 -0.20 0.94 0.37 2.58 -0.18 25.63 26.7
65.64 101322.63 0.42 -0.33 -0.21 0.94 0.25 2.59 -0.21 25.59 27.2
66.66 101321.97 0.48 -0.33 -0.21 0.94 0.22 2.68 -0.08 25.61 26.8
67.68 101320.52 0.60 -0.33 -0.20 0.94 0.07 2.52 -0.08 25.62 26.8
68.70 101326.48 0.10 -0.33 -0.21 0.94 0.24 2.47 -0.44 25.63 27.0
69.73 101324.15 0.29 -0.33 -0.21 0.95 0.19 2.55 -0.28 25.64 26.7
70.75 101325.17 0.21 -0.33 -0.20 0.95 0.25 2.49 -0.25 25.64 27.1
71.78 101322.77 0.41 -0.33 -0.21 0.95 0.37 2.43 -0.30 25.66 27.0
72.80 101325.16 0.21 -0.34 -0.20 0.95 0.18 2.48 -0.36 25.66 27.0
73.82 101321.86 0.48 -0.33 -0.21 0.95 0.35 2.56 -0.33 25.66 27.0
74.84 101326.18 0.12 -0.34 -0.20 0.94 0.25 2.39 -0.15 25.67 27.0
75.87 101324.81 0.24 -0.33 -0.20 0.95 0.26 2.53 -0.10 25.67 27.0
76.89 101324.41 0.27 -0.33 -0.20 0.95 0.40 2.50 -0.22 25.68 27.0
77.91 101325.27 0.20 -0.34 -0.20 0.95 0.21 2.53 -0.20 25.68 26.9
78.93 101321.22 0.54 -0.33 -0.20 0.95 -0.03 2.53 -0.44 25.69 26.8
79.96 101324.46 0.27 -0.33 -0.21 0.95 0.03 2.63 -0.59 25.69 26.9
80.98 101322.36 0.44 -0.33 -0.20 0.95 0.12 2.53 -0.34 25.68 26.9
82.00 101320.60 0.59 -0.33 -0.20 0.95 0.43 2.53 -0.05 25.67 26.9
83.03 101323.05 0.39 -0.33 -0.20 0.95 0.09 2.31 0.02 25.67 26.9
84.05 101322.42 0.44 -0.34 -0.20 0.95 0.43 2.56 -0.31 25.67 27.1
85.07 101324.64 0.25 -0.33 -0.20 0.95 0.20 2.89 -0.34 25.67 27.0
86.09 101323.80 0.32 -0.33 -0.21 0.94 0.38 2.43 -0.31 25.66 26.8
87.12 101326.76 0.08 -0.33 -0.20 0.95 0.34 2.41 -0.55 25.65 26.8
88.14 101322.39 0.44 -0.33 -0.20 0.95 0.15 2.61 -0.27 25.63 27.0
89.17 101321.82 0.49 -0.33 -0.20 0.95 0.37 2.47 -0.31 25.62 26.8
90.19 101325.30 0.20 -0.33 -0.20 0.95 0.34 2.71 -0.36 25.62 26.8
91.21 101326.78 0.07 -0.34 -0.20 0.95 0.13 2.37 -0.07 25.61 26.9
92.23 101323.48 0.35 -0.33 -0.20 0.95 0.15 2.59 -0.40 25.59 26.8
93.26 101324.12 0.30 -0.34 -0.20 0.94 0.35 2.89 -0.53 25.57 26.8
94.28 101325.32 0.20 -0.33 -0.20 0.95 0.44 2.36 -0.11 25.57 26.8
95.30 101324.81 0.24 -0.33 -0.20 0.95 0.36 2.46 -0.37 25.57 26.8
96.33 101323.27 0.37 -0.33 -0.20 0.94 0.23 2.37 -0.21 25.57 26.7
97.35 101324.52 0.26 -0.33 -0.15 0.96 -1.46 1.98 3.48 25.58 26.8
98.37 101326.10 0.13 -0.32 -0.16 0.96 0.22 2.34 -0.02 25.60 26.8
99.39 101323.83 0.32 -0.36 -0.10 0.96 0.21 2.21 0.18 25.59 27.0
100.42 101324.78 0.24 -0.36 -0.10 0.96 0.50 2.63 -0.28 25.62 27.0
101.44 101324.61 0.25 -0.36 -0.09 0.96 0.21 2.31 -0.17 25.63 26.8
102.46 101322.09 0.46 -0.36 -0.10 0.96 0.21 2.53 -0.27 25.64 26.9
103.49 101324.66 0.25 -0.36 -0.09 0.96 0.47 2.44 -0.30 25.64 26.8
104.51 101323.97 0.31 -0.36 -0.10 0.96 0.19 2.54 -0.44 25.64 26.8
105.53 101328.31 -0.05 -0.36 -0.09 0.95 0.20 2.37 -0.11 25.64 27.0
106.56 101325.97 0.14 -0.36 -0.10 0.96 0.15 2.36 -0.16 25.63 26.8
107.58 101326.03 0.14 -0.36 -0.09 0.96 0.26 2.54 -0.18 25.63 26.8
108.60 101329.97 -0.19 -0.36 -0.09 0.96 -0.69 2.27 -0.48 25.63 26.8
109.62 101326.44 0.10 -0.36 -0.09 0.96 -0.26 2.61 -0.47 25.62 26.8
110.65 101327.00 0.06 -0.36 -0.13 0.95 1.40 3.37 -3.54 25.63 26.9
111.67 101329.55 -0.16 -0.36 -0.12 0.95 -0.63 2.01 1.64 25.65 26.9
112.69 101328.42 -0.24 -0.37 -0.12 0.95 3.04 3.46 -9.41 25.65 26.8
113.72 101329.27 -0.13 -0.36 -0.13 0.95 0.73 2.73 -0.59 25.66 27.0
114.74 101325.84 0.15 -0.36 -0.15 0.95 0.40 2.88 -0.72 25.66 27.0
115.76 101328.41 -0.06 -0.35 -0.15 0.95 0.02 2.22 -0.21 25.66 26.8
116.78 101330.52 -0.24 -0.36 -0.15 0.95 0.36 2.42 -0.68 25.65 26.8
117.81 101329.89 -0.18 -0.35 -0.15 0.95 0.19 2.34 -0.46 25.65 26.8
118.83 101326.94 0.06 -0.35 -0.15 0.96 0.11 2.47 -0.68 25.65 27.0
119.86 101329.73 -0.17 -0.35 -0.15 0.95 0.03 2.74 -0.44 25.65 26.9
120.88 101328.30 -0.05 -0.35 -0.15 0.95 0.34 2.47 -0.54 25.65 27.0
121.90 101327.16 0.04 -0.35 -0.15 0.95 -0.53 1.74 6.17 25.66 26.8
122.92 101327.95 -0.02 -0.35 -0.15 0.95 -0.15 2.22 0.63 25.67 26.8
123.94 101321.23 0.54 -0.35 -0.14 0.95 0.44 2.48 -0.11 25.66 26.8
124.97 101316.67 0.92 -0.38 -0.11 0.95 -0.82 2.40 3.61 25.67 27.1
125.99 101320.66 0.58 -0.36 -0.13 0.95 -1.56 1.95 0.38 25.66 26.8
127.02 101317.36 0.86 -0.36 -0.14 0.95 0.79 2.51 0.21 25.67 27.0
128.04 101320.82 0.57 -0.36 -0.14 0.95 0.36 2.40 -0.05 25.68 27.0
129.06 101320.48 0.60 -0.36 -0.14 0.95 0.55 2.44 -0.44 25.68 26.9
130.08 101322.41 0.44 -0.36 -0.14 0.96 0.05 2.55 -0.40 25.69 27.0
131.10 101320.48 0.60 -0.36 -0.14 0.95 0.16 2.85 -0.46 25.68 26.9
132.13 101325.25 0.20 -0.36 -0.14 0.95 0.49 2.55 -0.41 25.69 27.0
133.15 101321.03 0.55 -0.36 -0.14 0.95 -0.23 2.44 -0.53 25.70 26.9
134.18 101321.54 0.51 -0.36 -0.13 0.96 0.26 2.81 -0.37 25.72 27.0
135.20 101324.67 0.25 -0.36 -0.14 0.95 0.11 2.65 -0.21 25.72 27.0
136.22 101322.50 0.43 -0.36 -0.14 0.95 0.10 2.50 -0.35 25.74 27.0
137.24 101320.64 0.59 -0.36 -0.14 0.96 0.20 2.65 -0.93 25.75 27.0
138.27 101322.67 0.42 -0.37 -0.11 0.96 0.32 2.41 -0.14 25.74 27.1
139.29 101317.31 0.86 -0.35 -0.11 0.98 8.35 3.24 -15.15 25.73 27.0
140.31 101319.03 0.72 -0.46 -0.13 0.93 46.74 -2.17 -25.85 25.73 26.8
141.33 101319.54 0.68 -0.43 -0.14 0.91 -14.09 -6.52 6.73 25.73 27.0
