Pressure(Pa) Alt(m) Accel(G)-X-Y-Z Gyro(ยบ/s)-X-Y-Z Temperature(*C)-bme-imu
1.33 101326.60 -0.42 -0.32 -0.23 0.95 0.26 2.47 -0.87 23.97 25.5
2.36 101325.47 -0.32 -0.31 -0.23 0.94 0.32 2.52 -0.37 24.20 25.3
3.38 101323.88 -0.19 -0.32 -0.23 0.95 0.04 2.62 -0.18 24.26 25.5
4.40 101323.77 -0.18 -0.31 -0.23 0.94 0.18 2.38 -0.51 24.29 25.5
5.42 101326.27 -0.39 -0.31 -0.23 0.94 0.27 2.49 -0.56 24.34 25.8
6.45 101326.73 -0.43 -0.31 -0.23 0.94 0.30 2.54 -0.47 24.38 25.9
7.47 101327.70 -0.51 -0.32 -0.23 0.94 0.42 2.73 -0.24 24.40 25.6
8.49 101328.14 -0.55 -0.31 -0.23 0.95 0.20 2.43 -0.60 24.45 25.5
9.52 101324.56 -0.25 -0.31 -0.23 0.94 0.18 2.76 -0.54 24.48 25.6
10.54 101328.43 -0.57 -0.32 -0.23 0.95 0.17 2.66 -0.34 24.50 25.8
11.56 101326.23 -0.39 -0.31 -0.23 0.94 0.08 2.74 -0.64 24.51 25.9
12.58 101326.09 -0.38 -0.31 -0.23 0.95 0.06 2.55 -0.48 24.55 25.8
13.61 101327.66 -0.51 -0.32 -0.23 0.95 0.15 2.57 -0.34 24.58 25.7
14.63 101325.12 -0.30 -0.31 -0.23 0.95 0.12 2.53 -0.52 24.60 25.8
15.65 101326.77 -0.43 -0.31 -0.23 0.94 0.50 2.69 -0.47 24.63 25.9
16.68 101323.67 -0.17 -0.31 -0.23 0.94 0.23 2.52 -0.35 24.65 25.8
17.70 101327.19 -0.47 -0.32 -0.23 0.94 0.34 2.48 -0.47 24.68 25.9
18.72 101326.48 -0.41 -0.31 -0.23 0.95 -0.05 2.40 -0.34 24.70 25.7
19.74 101326.53 -0.41 -0.31 -0.23 0.95 0.11 2.40 -0.35 24.71 25.9
20.77 101325.45 -0.32 -0.31 -0.23 0.95 0.50 2.62 -0.81 24.73 25.8
21.79 101322.12 -0.05 -0.32 -0.23 0.95 0.16 2.57 -0.59 24.75 25.8
22.81 101326.47 -0.34 -0.31 -0.23 0.94 0.11 2.45 -0.40 24.77 26.0
23.84 101326.78 -0.43 -0.32 -0.23 0.95 0.30 2.46 -0.63 24.79 26.1
24.86 101328.73 -0.60 -0.32 -0.23 0.94 0.33 2.32 -0.65 24.82 26.0
25.88 101323.79 -0.19 -0.31 -0.22 0.93 0.58 2.72 -0.56 24.82 26.0
26.90 101324.64 -0.26 -0.31 -0.23 0.94 0.47 2.60 -0.53 24.83 26.0
27.93 101324.60 -0.25 -0.32 -0.23 0.95 0.07 2.39 -0.72 24.86 26.3
28.95 101328.33 -0.56 -0.32 -0.23 0.95 -0.02 2.55 -0.84 24.87 26.2
29.97 101327.70 -0.51 -0.29 -0.29 0.95 -0.23 2.50 -0.81 24.88 26.3
31.00 101323.48 -0.16 -0.30 -0.28 0.94 0.37 2.57 -0.61 24.90 26.2
32.02 101324.19 -0.22 -0.29 -0.28 0.93 0.16 2.45 -0.61 24.93 26.5
33.04 101330.24 -0.72 -0.30 -0.28 0.94 0.37 2.49 -0.60 24.96 26.3
34.07 101325.20 -0.30 -0.30 -0.28 0.93 0.34 2.68 -0.28 24.96 26.0
35.09 101328.33 -0.56 -0.30 -0.28 0.93 0.49 2.67 -0.28 24.97 26.2
36.11 101329.69 -0.68 -0.29 -0.28 0.93 0.34 2.44 -0.26 25.00 26.4
37.13 101329.95 -0.70 -0.29 -0.28 0.94 0.37 2.42 -0.40 25.01 26.3
